121002201 0 0 0 1 1 0 0 1 0
102000201 0 1 0 1 1 1 0 1 0
201202101 0 1 0 0 1 0 0 1 0
122200101 0 0 0 0 1 1 0 1 0
221200101 0 0 0 0 1 1 0 1 0
202000101 0 1 0 1 1 1 0 1 0
101212020 0 1 0 0 0 0 1 0 1
020112210 1 0 1 0 0 0 0 0 1
102102210 0 1 0 0 1 0 0 0 1
201102210 0 1 0 0 1 0 0 0 1
112002210 0 0 0 1 1 0 0 0 1
211002210 0 0 0 1 1 0 0 0 1
122001210 0 0 0 1 1 0 0 0 1
202102110 0 1 0 0 1 0 0 0 1
212002110 0 0 0 1 1 0 0 0 1
202201110 0 1 0 0 1 0 0 0 1
022211010 1 0 0 0 0 0 1 0 1
220211010 0 0 1 0 0 0 1 0 1
112102200 0 0 0 0 1 0 0 1 1
211102200 0 0 0 0 1 0 0 1 1
112201200 0 0 0 0 1 0 0 1 1
122101200 0 0 0 0 1 0 0 1 1
221101200 0 0 0 0 1 0 0 1 1
120212100 0 0 1 0 0 0 0 1 1
200012100 0 0 1 1 0 0 0 1 1
212102100 0 0 0 0 1 0 0 1 1
212201100 0 0 0 0 1 0 0 1 1
002210100 1 1 0 0 0 1 0 1 1
022010100 1 0 0 1 0 1 0 1 1
121212000 0 0 0 0 0 0 1 1 1
010221000 1 0 1 0 0 0 1 1 1
020121000 1 0 1 0 0 0 1 1 1
100020000 0 1 1 1 0 1 1 1 1
102210000 0 1 0 0 0 1 1 1 1
201210000 0 1 0 0 0 1 1 1 1
221010000 0 0 0 1 0 1 1 1 1
000000000 1 1 0 1 1 1 1 1 1
102012210 0 1 0 1 0 0 0 0 1
201012210 0 1 0 1 0 0 0 0 1
120022110 0 0 1 1 0 0 0 0 1
202012110 0 1 0 1 0 0 0 0 1
012221010 1 0 0 0 0 0 1 0 1
220121010 0 0 1 0 0 0 1 0 1
102112200 0 1 0 0 0 0 0 1 1
201112200 0 1 0 0 0 0 0 1 1
112012200 0 0 0 1 0 0 0 1 1
211012200 0 0 0 1 0 0 0 1 1
102211200 0 1 0 0 0 0 0 1 1
122011200 0 0 0 1 0 0 0 1 1
221011200 0 0 0 1 0 0 0 1 1
122110200 0 0 0 0 0 1 0 1 1
021122100 1 0 0 0 0 0 0 1 1
202112100 0 1 0 0 0 0 0 1 1
212012100 0 0 0 1 0 0 0 1 1
010202100 1 0 1 0 1 0 0 1 1
020102100 1 0 1 0 1 0 0 1 1
021221100 1 0 0 0 0 0 0 1 1
120221100 0 0 1 0 0 0 0 1 1
200021100 0 1 1 1 0 0 0 1 1
202211100 0 1 0 0 0 0 0 1 1
020201100 1 0 1 0 1 0 0 1 1
002120100 1 1 0 0 0 1 0 1 1
012020100 1 0 0 1 0 1 0 1 1
212210100 0 0 0 0 0 1 0 1 1
110202000 0 0 1 0 1 0 1 1 1
121221000 0 0 0 0 0 0 1 1 1
021201000 1 0 0 0 1 0 1 1 1
120201000 0 0 1 0 1 0 1 1 1
102120000 0 1 0 0 0 1 1 1 1
201120000 0 1 0 0 0 1 1 1 1
211020000 0 0 0 1 0 1 1 1 1
002100000 1 1 0 0 1 1 1 1 1
210000000 0 0 1 1 1 1 1 1 1
102220101 0 1 0 0 0 1 0 1 0
221020101 0 0 0 1 0 1 0 1 0
121002120 0 0 0 1 1 0 0 0 1
021102210 1 0 0 0 1 0 0 0 1
120102210 0 0 1 0 1 0 0 0 1
012202110 1 0 0 0 1 0 0 0 1
210202110 0 0 1 0 1 0 0 0 1
022102110 1 0 0 0 1 0 0 0 1
220102110 0 0 1 0 1 0 0 0 1
202021110 0 1 0 1 0 0 0 0 1
022201110 1 0 0 0 1 0 0 0 1
211202010 0 0 0 0 1 0 1 0 1
122201010 0 0 0 0 1 0 1 0 1
221201010 0 0 0 0 1 0 1 0 1
101002200 0 1 0 1 1 0 0 1 1
201121200 0 1 0 0 0 0 0 1 1
211021200 0 0 0 1 0 0 0 1 1
002101200 1 1 0 0 1 0 0 1 1
200101200 0 1 1 0 1 0 0 1 1
012001200 1 0 0 1 1 0 0 1 1
210001200 0 0 1 1 1 0 0 1 1
012100200 1 0 0 0 1 1 0 1 1
020012100 1 0 1 1 0 0 0 1 1
121202100 0 0 0 0 1 0 0 1 1
102002100 0 1 0 1 1 0 0 1 1
201002100 0 1 0 1 1 0 0 1 1
202121100 0 1 0 0 0 0 0 1 1
212021100 0 0 0 1 0 0 0 1 1
212120100 0 0 0 0 0 1 0 1 1
102200100 0 1 0 0 1 1 0 1 1
122000100 0 0 0 1 1 1 0 1 1
221000100 0 0 0 1 1 1 0 1 1
100212000 0 1 1 0 0 0 1 1 1
202101000 0 1 0 0 1 0 1 1 1
021210000 1 0 0 0 0 1 1 1 1
120210000 0 0 1 0 0 1 1 1 1
200010000 0 1 1 1 0 1 1 1 1
212100000 0 0 0 0 1 1 1 1 1
201102201 0 1 0 0 1 0 0 1 0
211002201 0 0 0 1 1 0 0 1 0
102201201 0 1 0 0 1 0 0 1 0
122001201 0 0 0 1 1 0 0 1 0
122100201 0 0 0 0 1 1 0 1 0
202201101 0 1 0 0 1 0 0 1 0
212200101 0 0 0 0 1 1 0 1 0
120012210 0 0 1 1 0 0 0 0 1
212001210 0 0 0 1 1 0 0 0 1
220012110 0 0 1 1 0 0 0 0 1
201212010 0 1 0 0 0 0 1 0 1
011212200 1 0 0 0 0 0 0 1 1
110212200 0 0 1 0 0 0 0 1 1
021112200 1 0 0 0 0 0 0 1 1
120112200 0 0 1 0 0 0 0 1 1
021211200 1 0 0 0 0 0 0 1 1
120211200 0 0 1 0 0 0 0 1 1
200011200 0 1 1 1 0 0 0 1 1
212101200 0 0 0 0 1 0 0 1 1
012010200 1 0 0 1 0 1 0 1 1
012212100 1 0 0 0 0 0 0 1 1
210212100 0 0 1 0 0 0 0 1 1
022112100 1 0 0 0 0 0 0 1 1
220112100 0 0 1 0 0 0 0 1 1
020021100 1 0 1 1 0 0 0 1 1
022211100 1 0 0 0 0 0 0 1 1
220211100 0 0 1 0 0 0 0 1 1
211212000 0 0 0 0 0 0 1 1 1
001221000 1 1 0 0 0 0 1 1 1
100221000 0 1 1 0 0 0 1 1 1
122211000 0 0 0 0 0 0 1 1 1
221211000 0 0 0 0 0 0 1 1 1
000201000 1 1 1 0 1 0 1 1 1
011220000 1 0 0 0 0 1 1 1 1
021120000 1 0 0 0 0 1 1 1 1
120120000 0 0 1 0 0 1 1 1 1
202110000 0 1 0 0 0 1 1 1 1
212010000 0 0 0 1 0 1 1 1 1
020100000 1 0 1 0 1 1 1 1 1
201012201 0 1 0 1 0 0 0 1 0
202210101 0 1 0 0 0 1 0 1 0
101022120 0 1 0 1 0 0 0 0 1
202011210 0 1 0 1 0 0 0 0 1
210022110 0 0 1 1 0 0 0 0 1
102221010 0 1 0 0 0 0 1 0 1
201221010 0 1 0 0 0 0 1 0 1
011122200 1 0 0 0 0 0 0 1 1
110122200 0 0 1 0 0 0 0 1 1
010102200 1 0 1 0 1 0 0 1 1
011221200 1 0 0 0 0 0 0 1 1
110221200 0 0 1 0 0 0 0 1 1
021121200 1 0 0 0 0 0 0 1 1
120121200 0 0 1 0 0 0 0 1 1
212011200 0 0 0 1 0 0 0 1 1
010201200 1 0 1 0 1 0 0 1 1
020101200 1 0 1 0 1 0 0 1 1
212110200 0 0 0 0 0 1 0 1 1
012122100 1 0 0 0 0 0 0 1 1
210122100 0 0 1 0 0 0 0 1 1
121022100 0 0 0 1 0 0 0 1 1
001202100 1 1 0 0 1 0 0 1 1
100202100 0 1 1 0 1 0 0 1 1
021002100 1 0 0 1 1 0 0 1 1
120002100 0 0 1 1 1 0 0 1 1
012221100 1 0 0 0 0 0 0 1 1
210221100 0 0 1 0 0 0 0 1 1
022121100 1 0 0 0 0 0 0 1 1
220121100 0 0 1 0 0 0 0 1 1
121220100 0 0 0 0 0 1 0 1 1
102020100 0 1 0 1 0 1 0 1 1
201020100 0 1 0 1 0 1 0 1 1
021200100 1 0 0 0 1 1 0 1 1
002000100 1 1 0 1 1 1 0 1 1
101202000 0 1 0 0 1 0 1 1 1
112221000 0 0 0 0 0 0 1 1 1
211221000 0 0 0 0 0 0 1 1 1
221121000 0 0 0 0 0 0 1 1 1
012201000 1 0 0 0 1 0 1 1 1
210201000 0 0 1 0 1 0 1 1 1
220101000 0 0 1 0 1 0 1 1 1
020010000 1 0 1 1 0 1 1 1 1
121200000 0 0 0 0 1 1 1 1 1
201000000 0 1 0 1 1 1 1 0 1
202120101 0 1 0 0 0 1 0 1 0
212020101 0 0 0 1 0 1 0 1 0
112002120 0 0 0 1 1 0 0 0 1
211002120 0 0 0 1 1 0 0 0 1
101202210 0 1 0 0 1 0 0 0 1
210102210 0 0 1 0 1 0 0 0 1
121002210 0 0 0 1 1 0 0 0 1
022101210 1 0 0 0 1 0 0 0 1
020212110 1 0 1 0 0 0 0 0 1
102202110 0 1 0 0 1 0 0 0 1
201202110 0 1 0 0 1 0 0 0 1
122002110 0 0 0 1 1 0 0 0 1
221002110 0 0 0 1 1 0 0 0 1
120212010 0 0 1 0 0 0 1 0 1
212201010 0 0 0 0 1 0 1 0 1
121102200 0 0 0 0 1 0 0 1 1
020011200 1 0 1 1 0 0 0 1 1
121201200 0 0 0 0 1 0 0 1 1
102001200 0 1 0 1 1 0 0 1 1
201001200 0 1 0 1 1 0 0 1 1
112000200 0 0 0 1 1 1 0 1 1
112202100 0 0 0 0 1 0 0 1 1
211202100 0 0 0 0 1 0 0 1 1
221102100 0 0 0 0 1 0 0 1 1
122201100 0 0 0 0 1 0 0 1 1
221201100 0 0 0 0 1 0 0 1 1
202001100 0 1 0 1 1 0 0 1 1
202100100 0 1 0 0 1 1 0 1 1
212000100 0 0 0 1 1 1 0 1 1
002211000 1 1 0 0 0 0 1 1 1
200211000 0 1 1 0 0 0 1 1 1
010020000 1 0 1 1 0 1 1 1 1
012210000 1 0 0 0 0 1 1 1 1
022110000 1 0 0 0 0 1 1 1 1
220110000 0 0 1 0 0 1 1 1 1
202001211 0 1 0 1 1 0 0 0 0
202101201 0 1 0 0 1 0 0 1 0
212001201 0 0 0 1 1 0 0 1 0
212100201 0 0 0 0 1 1 0 1 0
102012120 0 1 0 1 0 0 0 0 1
020122110 1 0 1 0 0 0 0 0 1
010202010 1 0 1 0 1 0 1 0 1
021221010 1 0 0 0 0 0 1 0 1
120221010 0 0 1 0 0 0 1 0 1
202211010 0 1 0 0 0 0 1 0 1
020201010 1 0 1 0 1 0 1 0 1
101212200 0 1 0 0 0 0 0 1 1
012112200 1 0 0 0 0 0 0 1 1
210112200 0 0 1 0 0 0 0 1 1
121012200 0 0 0 1 0 0 0 1 1
010021200 1 0 1 1 0 0 0 1 1
012211200 1 0 0 0 0 0 0 1 1
102010200 0 1 0 1 0 1 0 1 1
100022100 0 1 1 1 0 0 0 1 1
102212100 0 1 0 0 0 0 0 1 1
122012100 0 0 0 1 0 0 0 1 1
021020100 1 0 0 1 0 1 0 1 1
122210100 0 0 0 0 0 1 0 1 1
202010100 0 1 0 1 0 1 0 1 1
200121000 0 1 1 0 0 0 1 1 1
212211000 0 0 0 0 0 0 1 1 1
101220000 0 1 0 0 0 1 1 1 1
012120000 1 0 0 0 0 1 1 1 1
210120000 0 0 1 0 0 1 1 1 1
121020000 0 0 0 1 0 1 1 1 1
001200000 1 1 0 0 1 1 1 1 1
120000000 0 0 1 1 1 1 1 1 1
202011201 0 1 0 1 0 0 0 1 0
212010201 0 0 0 1 0 1 0 1 0
101022210 0 1 0 1 0 0 0 0 1
102022110 0 1 0 1 0 0 0 0 1
201022110 0 1 0 1 0 0 0 0 1
021202110 1 0 0 0 1 0 0 0 1
120202110 0 0 1 0 1 0 0 0 1
121202010 0 0 0 0 1 0 1 0 1
202121010 0 1 0 0 0 0 1 0 1
101122200 0 1 0 0 0 0 0 1 1
110002200 0 0 1 1 1 0 0 1 1
101221200 0 1 0 0 0 0 0 1 1
210121200 0 0 1 0 0 0 0 1 1
121021200 0 0 0 1 0 0 0 1 1
021001200 1 0 0 1 1 0 0 1 1
120001200 0 0 1 1 1 0 0 1 1
201122100 0 1 0 0 0 0 0 1 1
112022100 0 0 0 1 0 0 0 1 1
211022100 0 0 0 1 0 0 0 1 1
002102100 1 1 0 0 1 0 0 1 1
200102100 0 1 1 0 1 0 0 1 1
210002100 0 0 1 1 1 0 0 1 1
102221100 0 1 0 0 0 0 0 1 1
201221100 0 1 0 0 0 0 0 1 1
122021100 0 0 0 1 0 0 0 1 1
221021100 0 0 0 1 0 0 0 1 1
002201100 1 1 0 0 1 0 0 1 1
200201100 0 1 1 0 1 0 0 1 1
022001100 1 0 0 1 1 0 0 1 1
220001100 0 0 1 1 1 0 0 1 1
112220100 0 0 0 0 0 1 0 1 1
221120100 0 0 0 0 0 1 0 1 1
012200100 1 0 0 0 1 1 0 1 1
022100100 1 0 0 0 1 1 0 1 1
010212000 1 0 1 0 0 0 1 1 1
212121000 0 0 0 0 0 0 1 1 1
020211000 1 0 1 0 0 0 1 1 1
102201000 0 1 0 0 1 0 1 1 1
201201000 0 1 0 0 1 0 1 1 1
112200000 0 0 0 0 1 1 1 1 1
211200000 0 0 0 0 1 1 1 1 1
122100000 0 0 0 0 1 1 1 1 1
221100000 0 0 0 0 1 1 1 1 1
